50
863
-2.07303329915 3.99111124334 4.09431202346 1.69038124616
-2.29433162711 -1.56359589174 2.10759761803 1.4647752384
-2.99644193188 -4.64163737997 -0.812188610757 1.80631098089
4.19840691704 -1.64232251105 4.7794231534 -3.85953286317
4.19840691704 -1.64232251105 3.2826314857 -4.43072549858
4.48883847743 -0.98449367355 -4.39463677055 -1.84935939369
-2.3338560964 3.11500363696 -2.43267783526 0.454274255992
-3.75032449941 -1.3882919479 -0.471452722573 1.41403896892
1.34403223243 -3.88494020556 -2.10554077794 -3.65329123683
-4.05236015843 -1.0232211738 3.75252849289 -4.58298274832
1.6146651857 -1.11348026233 3.95538068599 -4.15726317435
1.6146651857 -1.11348026233 -2.07303329915 3.99111124334
-3.85599145181 1.68418605753 -3.37572774243 4.74186964224
-1.03616343991 3.34182304097 -2.20300201647 -1.59352581531
3.2826314857 -4.43072549858 2.19679864719 -4.27946211481
-2.20300201647 -1.59352581531 -2.45354076721 -3.58693206062
0.640082185029 -4.50345829169 2.16921560957 -4.09428030001
-2.99644193188 -4.64163737997 4.7794231534 -3.85953286317
-2.3338560964 3.11500363696 1.94101554723 -4.91451408764
4.09803570281 4.69524869709 -2.07303329915 3.99111124334
-0.764493618679 3.75918176037 -0.812188610757 1.80631098089
2.16921560957 -4.09428030001 -0.206645710833 1.95130689615
-3.85157346043 1.10327347779 3.2826314857 -4.43072549858
4.48883847743 -0.98449367355 -4.69069856622 -1.10934544861
-1.0836337975 -1.49823559815 2.19679864719 -4.27946211481
-2.43267783526 0.454274255992 2.10759761803 1.4647752384
1.86325893162 1.7617209733 2.19679864719 -4.27946211481
1.94101554723 -4.91451408764 2.16921560957 -4.09428030001
-4.39463677055 -1.84935939369 -0.85829252236 -3.56868892562
-3.37572774243 4.74186964224 -2.10554077794 -3.65329123683
-1.0836337975 -1.49823559815 -3.85599145181 1.68418605753
-4.74823087658 -1.20654743452 -2.29433162711 -1.56359589174
-4.61356589745 0.731530605735 1.94101554723 -4.91451408764
0.535416413565 -0.904315290605 -0.471452722573 1.41403896892
-4.39463677055 -1.84935939369 1.86325893162 1.7617209733
3.95538068599 -4.15726317435 -2.45354076721 -3.58693206062
-2.07303329915 3.99111124334 -2.10554077794 -3.65329123683
-4.79638235338 -0.616374003927 2.16921560957 -4.09428030001
-3.37572774243 4.74186964224 -2.43267783526 0.454274255992
2.16921560957 -4.09428030001 2.10759761803 1.4647752384
-3.85599145181 1.68418605753 -0.471452722573 1.41403896892
-3.85599145181 1.68418605753 -2.43267783526 0.454274255992
-1.03616343991 3.34182304097 -1.0836337975 -1.49823559815
-2.29433162711 -1.56359589174 -3.37572774243 4.74186964224
2.37513519094 0.00986089181732 -4.05236015843 -1.0232211738
-4.79638235338 -0.616374003927 -0.85829252236 -3.56868892562
-1.0836337975 -1.49823559815 -4.69069856622 -1.10934544861
1.94101554723 -4.91451408764 -3.75032449941 -1.3882919479
-1.65247997549 4.31002665597 -2.43267783526 0.454274255992
-1.03616343991 3.34182304097 3.2826314857 -4.43072549858
0.535416413565 -0.904315290605 2.19679864719 -4.27946211481
-2.10554077794 -3.65329123683 2.19679864719 -4.27946211481
2.37513519094 0.00986089181732 3.52795683518 1.26242068901
-0.764493618679 3.75918176037 3.2826314857 -4.43072549858
1.34403223243 -3.88494020556 -3.49661879474 1.67949803877
-0.764493618679 3.75918176037 4.09431202346 1.69038124616
0.535416413565 -0.904315290605 3.67732231963 -3.92998851177
-4.39463677055 -1.84935939369 -0.471452722573 1.41403896892
2.16921560957 -4.09428030001 -2.10554077794 -3.65329123683
-2.43267783526 0.454274255992 -2.10554077794 -3.65329123683
4.19840691704 -1.64232251105 -2.29433162711 -1.56359589174
-3.49661879474 1.67949803877 4.09803570281 4.69524869709
-3.75032449941 -1.3882919479 -4.74823087658 -1.20654743452
-2.20300201647 -1.59352581531 -3.37572774243 4.74186964224
1.86325893162 1.7617209733 -4.69069856622 -1.10934544861
-4.79638235338 -0.616374003927 3.75252849289 -4.58298274832
-3.85599145181 1.68418605753 -2.10554077794 -3.65329123683
2.37513519094 0.00986089181732 4.7794231534 -3.85953286317
-2.99644193188 -4.64163737997 -2.45354076721 -3.58693206062
1.94101554723 -4.91451408764 -0.85829252236 -3.56868892562
-4.61356589745 0.731530605735 -0.85829252236 -3.56868892562
1.34403223243 -3.88494020556 2.16921560957 -4.09428030001
2.37513519094 0.00986089181732 -3.49661879474 1.67949803877
-3.85157346043 1.10327347779 3.75252849289 -4.58298274832
-3.49661879474 1.67949803877 -0.85829252236 -3.56868892562
-4.61356589745 0.731530605735 -4.39463677055 -1.84935939369
-3.49661879474 1.67949803877 -0.471452722573 1.41403896892
2.37513519094 0.00986089181732 -3.72496086046 2.90175437199
2.37513519094 0.00986089181732 -4.69069856622 -1.10934544861
-3.85157346043 1.10327347779 -3.72496086046 2.90175437199
-3.75032449941 -1.3882919479 -2.07303329915 3.99111124334
4.64811578302 -0.433465224012 -2.45354076721 -3.58693206062
4.19840691704 -1.64232251105 3.95538068599 -4.15726317435
4.19840691704 -1.64232251105 -2.07303329915 3.99111124334
0.535416413565 -0.904315290605 -2.10554077794 -3.65329123683
3.95538068599 -4.15726317435 -0.206645710833 1.95130689615
2.16921560957 -4.09428030001 -2.07303329915 3.99111124334
-4.79638235338 -0.616374003927 3.52795683518 1.26242068901
-4.74823087658 -1.20654743452 -3.37572774243 4.74186964224
1.6146651857 -1.11348026233 2.19679864719 -4.27946211481
-2.20300201647 -1.59352581531 1.86325893162 1.7617209733
3.2826314857 -4.43072549858 -3.72496086046 2.90175437199
-1.03616343991 3.34182304097 4.09803570281 4.69524869709
-0.812188610757 1.80631098089 3.95538068599 -4.15726317435
-0.85829252236 -3.56868892562 3.75252849289 -4.58298274832
4.19840691704 -1.64232251105 -3.49661879474 1.67949803877
4.09803570281 4.69524869709 -0.206645710833 1.95130689615
-1.65247997549 4.31002665597 -0.471452722573 1.41403896892
4.65901998172 2.03181917848 2.16921560957 -4.09428030001
-3.49661879474 1.67949803877 3.67732231963 -3.92998851177
4.64811578302 -0.433465224012 -1.65247997549 4.31002665597
0.535416413565 -0.904315290605 -0.206645710833 1.95130689615
-3.49661879474 1.67949803877 -1.65247997549 4.31002665597
-4.61356589745 0.731530605735 -2.45354076721 -3.58693206062
4.65901998172 2.03181917848 4.09431202346 1.69038124616
-3.85599145181 1.68418605753 -2.45354076721 -3.58693206062
-4.39463677055 -1.84935939369 0.640082185029 -4.50345829169
-2.3338560964 3.11500363696 -4.69069856622 -1.10934544861
2.37513519094 0.00986089181732 -4.74823087658 -1.20654743452
-3.75032449941 -1.3882919479 4.09803570281 4.69524869709
-1.65247997549 4.31002665597 2.16921560957 -4.09428030001
-0.85829252236 -3.56868892562 -0.206645710833 1.95130689615
-2.3338560964 3.11500363696 0.535416413565 -0.904315290605
4.48883847743 -0.98449367355 4.09431202346 1.69038124616
-2.3338560964 3.11500363696 3.95538068599 -4.15726317435
-2.20300201647 -1.59352581531 -2.99644193188 -4.64163737997
-1.65247997549 4.31002665597 -0.206645710833 1.95130689615
1.86325893162 1.7617209733 3.95538068599 -4.15726317435
-4.39463677055 -1.84935939369 -3.85599145181 1.68418605753
1.34403223243 -3.88494020556 4.7794231534 -3.85953286317
4.48883847743 -0.98449367355 -4.05236015843 -1.0232211738
-3.49661879474 1.67949803877 1.86325893162 1.7617209733
4.48883847743 -0.98449367355 4.64811578302 -0.433465224012
4.48883847743 -0.98449367355 0.535416413565 -0.904315290605
4.09803570281 4.69524869709 2.16921560957 -4.09428030001
-2.29433162711 -1.56359589174 -2.43267783526 0.454274255992
-1.03616343991 3.34182304097 -4.74823087658 -1.20654743452
-2.3338560964 3.11500363696 0.640082185029 -4.50345829169
2.16921560957 -4.09428030001 -0.471452722573 1.41403896892
-4.79638235338 -0.616374003927 2.10759761803 1.4647752384
-2.20300201647 -1.59352581531 -2.29433162711 -1.56359589174
3.95538068599 -4.15726317435 2.19679864719 -4.27946211481
-3.72496086046 2.90175437199 -1.65247997549 4.31002665597
-2.3338560964 3.11500363696 4.19840691704 -1.64232251105
-4.39463677055 -1.84935939369 1.94101554723 -4.91451408764
-4.05236015843 -1.0232211738 3.95538068599 -4.15726317435
1.86325893162 1.7617209733 -2.43267783526 0.454274255992
-1.65247997549 4.31002665597 -3.37572774243 4.74186964224
-3.75032449941 -1.3882919479 -1.0836337975 -1.49823559815
4.09803570281 4.69524869709 -4.74823087658 -1.20654743452
-3.49661879474 1.67949803877 -1.0836337975 -1.49823559815
-1.03616343991 3.34182304097 4.64811578302 -0.433465224012
4.48883847743 -0.98449367355 -4.74823087658 -1.20654743452
-2.99644193188 -4.64163737997 4.09431202346 1.69038124616
3.95538068599 -4.15726317435 -2.43267783526 0.454274255992
-0.764493618679 3.75918176037 -2.29433162711 -1.56359589174
4.48883847743 -0.98449367355 -2.07303329915 3.99111124334
4.65901998172 2.03181917848 1.86325893162 1.7617209733
-4.61356589745 0.731530605735 4.65901998172 2.03181917848
1.94101554723 -4.91451408764 2.10759761803 1.4647752384
-1.0836337975 -1.49823559815 -4.05236015843 -1.0232211738
0.640082185029 -4.50345829169 3.52795683518 1.26242068901
4.65901998172 2.03181917848 3.95538068599 -4.15726317435
4.64811578302 -0.433465224012 -2.43267783526 0.454274255992
4.7794231534 -3.85953286317 1.86325893162 1.7617209733
4.48883847743 -0.98449367355 -2.10554077794 -3.65329123683
4.65901998172 2.03181917848 -0.812188610757 1.80631098089
-3.49661879474 1.67949803877 0.640082185029 -4.50345829169
-3.85157346043 1.10327347779 2.10759761803 1.4647752384
4.48883847743 -0.98449367355 4.09803570281 4.69524869709
-4.39463677055 -1.84935939369 -1.0836337975 -1.49823559815
0.535416413565 -0.904315290605 -2.43267783526 0.454274255992
-0.764493618679 3.75918176037 2.10759761803 1.4647752384
-3.85157346043 1.10327347779 4.19840691704 -1.64232251105
0.535416413565 -0.904315290605 4.65901998172 2.03181917848
-4.61356589745 0.731530605735 4.09803570281 4.69524869709
4.48883847743 -0.98449367355 1.34403223243 -3.88494020556
-3.49661879474 1.67949803877 -0.812188610757 1.80631098089
4.19840691704 -1.64232251105 -0.85829252236 -3.56868892562
-0.812188610757 1.80631098089 2.10759761803 1.4647752384
-3.75032449941 -1.3882919479 -0.206645710833 1.95130689615
1.34403223243 -3.88494020556 3.2826314857 -4.43072549858
-3.75032449941 -1.3882919479 4.09431202346 1.69038124616
4.48883847743 -0.98449367355 -1.0836337975 -1.49823559815
2.10759761803 1.4647752384 4.09431202346 1.69038124616
-0.764493618679 3.75918176037 1.86325893162 1.7617209733
-1.03616343991 3.34182304097 1.34403223243 -3.88494020556
-4.39463677055 -1.84935939369 -2.43267783526 0.454274255992
4.64811578302 -0.433465224012 -2.10554077794 -3.65329123683
-3.75032449941 -1.3882919479 -0.812188610757 1.80631098089
-2.07303329915 3.99111124334 -3.85599145181 1.68418605753
3.67732231963 -3.92998851177 -3.37572774243 4.74186964224
-0.764493618679 3.75918176037 1.94101554723 -4.91451408764
1.34403223243 -3.88494020556 4.09431202346 1.69038124616
3.67732231963 -3.92998851177 2.10759761803 1.4647752384
-3.72496086046 2.90175437199 -2.43267783526 0.454274255992
-4.79638235338 -0.616374003927 -2.43267783526 0.454274255992
-1.03616343991 3.34182304097 3.67732231963 -3.92998851177
-2.3338560964 3.11500363696 -2.99644193188 -4.64163737997
-0.764493618679 3.75918176037 -4.74823087658 -1.20654743452
-2.99644193188 -4.64163737997 2.19679864719 -4.27946211481
-2.20300201647 -1.59352581531 -3.49661879474 1.67949803877
1.6146651857 -1.11348026233 -2.10554077794 -3.65329123683
-4.05236015843 -1.0232211738 -2.43267783526 0.454274255992
4.19840691704 -1.64232251105 -0.471452722573 1.41403896892
-1.03616343991 3.34182304097 -2.43267783526 0.454274255992
4.19840691704 -1.64232251105 -2.43267783526 0.454274255992
-1.0836337975 -1.49823559815 -0.85829252236 -3.56868892562
-3.85157346043 1.10327347779 1.6146651857 -1.11348026233
-4.05236015843 -1.0232211738 -0.471452722573 1.41403896892
3.67732231963 -3.92998851177 -4.69069856622 -1.10934544861
-1.03616343991 3.34182304097 -3.75032449941 -1.3882919479
3.95538068599 -4.15726317435 -4.74823087658 -1.20654743452
-0.764493618679 3.75918176037 -3.49661879474 1.67949803877
-3.85157346043 1.10327347779 -4.74823087658 -1.20654743452
-3.85157346043 1.10327347779 4.64811578302 -0.433465224012
0.640082185029 -4.50345829169 -1.65247997549 4.31002665597
-3.85157346043 1.10327347779 4.09431202346 1.69038124616
3.67732231963 -3.92998851177 -0.206645710833 1.95130689615
0.535416413565 -0.904315290605 2.10759761803 1.4647752384
-0.471452722573 1.41403896892 3.52795683518 1.26242068901
-2.10554077794 -3.65329123683 -4.69069856622 -1.10934544861
-3.72496086046 2.90175437199 -0.812188610757 1.80631098089
0.535416413565 -0.904315290605 -4.74823087658 -1.20654743452
-3.85157346043 1.10327347779 -4.79638235338 -0.616374003927
-1.0836337975 -1.49823559815 -2.10554077794 -3.65329123683
-3.85599145181 1.68418605753 -4.69069856622 -1.10934544861
3.75252849289 -4.58298274832 -4.69069856622 -1.10934544861
1.94101554723 -4.91451408764 -0.812188610757 1.80631098089
0.535416413565 -0.904315290605 0.640082185029 -4.50345829169
0.535416413565 -0.904315290605 4.09803570281 4.69524869709
0.640082185029 -4.50345829169 -3.37572774243 4.74186964224
-4.74823087658 -1.20654743452 -2.10554077794 -3.65329123683
-3.72496086046 2.90175437199 -4.69069856622 -1.10934544861
4.09803570281 4.69524869709 -3.85599145181 1.68418605753
-3.85157346043 1.10327347779 -0.471452722573 1.41403896892
2.16921560957 -4.09428030001 -2.29433162711 -1.56359589174
1.94101554723 -4.91451408764 -2.45354076721 -3.58693206062
2.37513519094 0.00986089181732 -2.45354076721 -3.58693206062
4.19840691704 -1.64232251105 4.09431202346 1.69038124616
-4.61356589745 0.731530605735 -2.99644193188 -4.64163737997
4.7794231534 -3.85953286317 4.65901998172 2.03181917848
4.48883847743 -0.98449367355 2.37513519094 0.00986089181732
-2.45354076721 -3.58693206062 3.52795683518 1.26242068901
-4.79638235338 -0.616374003927 -1.0836337975 -1.49823559815
-2.20300201647 -1.59352581531 -4.69069856622 -1.10934544861
1.6146651857 -1.11348026233 4.65901998172 2.03181917848
1.94101554723 -4.91451408764 -0.206645710833 1.95130689615
-3.75032449941 -1.3882919479 4.65901998172 2.03181917848
1.34403223243 -3.88494020556 3.52795683518 1.26242068901
-4.05236015843 -1.0232211738 2.19679864719 -4.27946211481
4.48883847743 -0.98449367355 -2.20300201647 -1.59352581531
4.7794231534 -3.85953286317 3.67732231963 -3.92998851177
2.37513519094 0.00986089181732 3.67732231963 -3.92998851177
-3.85157346043 1.10327347779 -2.20300201647 -1.59352581531
-2.20300201647 -1.59352581531 -1.0836337975 -1.49823559815
-3.85157346043 1.10327347779 -2.99644193188 -4.64163737997
-3.72496086046 2.90175437199 -3.37572774243 4.74186964224
-0.812188610757 1.80631098089 -4.69069856622 -1.10934544861
4.65901998172 2.03181917848 3.52795683518 1.26242068901
-2.29433162711 -1.56359589174 -3.85599145181 1.68418605753
-4.61356589745 0.731530605735 2.37513519094 0.00986089181732
-2.20300201647 -1.59352581531 -2.43267783526 0.454274255992
-2.20300201647 -1.59352581531 4.19840691704 -1.64232251105
2.37513519094 0.00986089181732 -2.99644193188 -4.64163737997
0.640082185029 -4.50345829169 -0.85829252236 -3.56868892562
-4.74823087658 -1.20654743452 -4.69069856622 -1.10934544861
-3.85599145181 1.68418605753 4.09431202346 1.69038124616
2.37513519094 0.00986089181732 4.09431202346 1.69038124616
-0.764493618679 3.75918176037 -4.61356589745 0.731530605735
-4.79638235338 -0.616374003927 2.19679864719 -4.27946211481
1.6146651857 -1.11348026233 3.52795683518 1.26242068901
-4.39463677055 -1.84935939369 4.09803570281 4.69524869709
-2.07303329915 3.99111124334 -3.37572774243 4.74186964224
1.6146651857 -1.11348026233 4.7794231534 -3.85953286317
1.86325893162 1.7617209733 4.09803570281 4.69524869709
4.09803570281 4.69524869709 4.09431202346 1.69038124616
-3.85157346043 1.10327347779 -4.05236015843 -1.0232211738
4.09803570281 4.69524869709 -0.812188610757 1.80631098089
-2.99644193188 -4.64163737997 2.10759761803 1.4647752384
-1.0836337975 -1.49823559815 4.7794231534 -3.85953286317
-3.37572774243 4.74186964224 2.19679864719 -4.27946211481
-1.03616343991 3.34182304097 2.16921560957 -4.09428030001
1.34403223243 -3.88494020556 0.640082185029 -4.50345829169
-4.69069856622 -1.10934544861 4.09431202346 1.69038124616
-2.3338560964 3.11500363696 -2.29433162711 -1.56359589174
-2.3338560964 3.11500363696 4.09431202346 1.69038124616
-1.0836337975 -1.49823559815 -3.72496086046 2.90175437199
-3.75032449941 -1.3882919479 -3.85599145181 1.68418605753
-4.39463677055 -1.84935939369 -2.10554077794 -3.65329123683
4.64811578302 -0.433465224012 3.52795683518 1.26242068901
-4.74823087658 -1.20654743452 -0.206645710833 1.95130689615
-2.3338560964 3.11500363696 -4.39463677055 -1.84935939369
4.19840691704 -1.64232251105 -3.37572774243 4.74186964224
-4.39463677055 -1.84935939369 -3.37572774243 4.74186964224
1.86325893162 1.7617209733 -0.471452722573 1.41403896892
-0.471452722573 1.41403896892 -0.206645710833 1.95130689615
-3.72496086046 2.90175437199 3.67732231963 -3.92998851177
1.94101554723 -4.91451408764 4.7794231534 -3.85953286317
-3.75032449941 -1.3882919479 -0.85829252236 -3.56868892562
-1.65247997549 4.31002665597 -4.69069856622 -1.10934544861
-4.61356589745 0.731530605735 -1.65247997549 4.31002665597
0.640082185029 -4.50345829169 -2.29433162711 -1.56359589174
-0.85829252236 -3.56868892562 -2.29433162711 -1.56359589174
4.65901998172 2.03181917848 -2.10554077794 -3.65329123683
3.95538068599 -4.15726317435 -0.85829252236 -3.56868892562
3.95538068599 -4.15726317435 -2.10554077794 -3.65329123683
-3.85157346043 1.10327347779 -2.10554077794 -3.65329123683
-2.3338560964 3.11500363696 4.7794231534 -3.85953286317
1.86325893162 1.7617209733 4.09431202346 1.69038124616
2.37513519094 0.00986089181732 3.95538068599 -4.15726317435
-2.29433162711 -1.56359589174 3.52795683518 1.26242068901
-4.61356589745 0.731530605735 -3.37572774243 4.74186964224
-4.79638235338 -0.616374003927 4.09431202346 1.69038124616
-4.74823087658 -1.20654743452 2.19679864719 -4.27946211481
-2.43267783526 0.454274255992 -0.206645710833 1.95130689615
-2.99644193188 -4.64163737997 0.640082185029 -4.50345829169
4.65901998172 2.03181917848 2.19679864719 -4.27946211481
-0.812188610757 1.80631098089 -2.29433162711 -1.56359589174
-1.65247997549 4.31002665597 -0.812188610757 1.80631098089
-1.0836337975 -1.49823559815 4.65901998172 2.03181917848
-0.812188610757 1.80631098089 2.19679864719 -4.27946211481
4.48883847743 -0.98449367355 2.19679864719 -4.27946211481
-3.75032449941 -1.3882919479 0.640082185029 -4.50345829169
1.34403223243 -3.88494020556 2.10759761803 1.4647752384
-2.3338560964 3.11500363696 3.2826314857 -4.43072549858
3.75252849289 -4.58298274832 -3.37572774243 4.74186964224
1.6146651857 -1.11348026233 2.10759761803 1.4647752384
-4.05236015843 -1.0232211738 -2.07303329915 3.99111124334
4.09803570281 4.69524869709 -3.37572774243 4.74186964224
-4.74823087658 -1.20654743452 3.52795683518 1.26242068901
-4.74823087658 -1.20654743452 -2.43267783526 0.454274255992
-3.49661879474 1.67949803877 -3.37572774243 4.74186964224
4.09803570281 4.69524869709 -2.43267783526 0.454274255992
1.94101554723 -4.91451408764 -3.49661879474 1.67949803877
-4.79638235338 -0.616374003927 3.95538068599 -4.15726317435
1.6146651857 -1.11348026233 -0.764493618679 3.75918176037
4.48883847743 -0.98449367355 -0.206645710833 1.95130689615
-0.471452722573 1.41403896892 -3.37572774243 4.74186964224
-2.99644193188 -4.64163737997 1.86325893162 1.7617209733
-2.20300201647 -1.59352581531 -0.764493618679 3.75918176037
-3.72496086046 2.90175437199 -3.85599145181 1.68418605753
-4.79638235338 -0.616374003927 -0.471452722573 1.41403896892
-1.03616343991 3.34182304097 -4.39463677055 -1.84935939369
4.64811578302 -0.433465224012 -0.206645710833 1.95130689615
-0.812188610757 1.80631098089 4.09431202346 1.69038124616
3.2826314857 -4.43072549858 1.86325893162 1.7617209733
-0.206645710833 1.95130689615 -4.69069856622 -1.10934544861
4.48883847743 -0.98449367355 -3.72496086046 2.90175437199
-1.0836337975 -1.49823559815 -4.74823087658 -1.20654743452
-1.03616343991 3.34182304097 -3.49661879474 1.67949803877
0.535416413565 -0.904315290605 4.64811578302 -0.433465224012
-0.471452722573 1.41403896892 -2.10554077794 -3.65329123683
-1.03616343991 3.34182304097 1.94101554723 -4.91451408764
-3.85157346043 1.10327347779 2.16921560957 -4.09428030001
4.09803570281 4.69524869709 3.75252849289 -4.58298274832
-4.79638235338 -0.616374003927 -2.45354076721 -3.58693206062
-2.99644193188 -4.64163737997 -3.85599145181 1.68418605753
-2.20300201647 -1.59352581531 4.7794231534 -3.85953286317
4.09803570281 4.69524869709 -0.471452722573 1.41403896892
-4.79638235338 -0.616374003927 -2.07303329915 3.99111124334
-0.206645710833 1.95130689615 4.09431202346 1.69038124616
-3.49661879474 1.67949803877 4.7794231534 -3.85953286317
-2.99644193188 -4.64163737997 3.67732231963 -3.92998851177
-2.99644193188 -4.64163737997 2.16921560957 -4.09428030001
4.09803570281 4.69524869709 -4.69069856622 -1.10934544861
-4.79638235338 -0.616374003927 -3.72496086046 2.90175437199
-2.20300201647 -1.59352581531 -4.05236015843 -1.0232211738
4.64811578302 -0.433465224012 -4.74823087658 -1.20654743452
-3.75032449941 -1.3882919479 -2.10554077794 -3.65329123683
3.67732231963 -3.92998851177 2.16921560957 -4.09428030001
0.640082185029 -4.50345829169 1.86325893162 1.7617209733
4.65901998172 2.03181917848 -1.65247997549 4.31002665597
1.94101554723 -4.91451408764 2.37513519094 0.00986089181732
4.48883847743 -0.98449367355 3.95538068599 -4.15726317435
2.37513519094 0.00986089181732 1.86325893162 1.7617209733
4.7794231534 -3.85953286317 2.16921560957 -4.09428030001
-3.85157346043 1.10327347779 0.535416413565 -0.904315290605
4.19840691704 -1.64232251105 -1.65247997549 4.31002665597
4.64811578302 -0.433465224012 -3.85599145181 1.68418605753
1.86325893162 1.7617209733 3.67732231963 -3.92998851177
-3.75032449941 -1.3882919479 2.16921560957 -4.09428030001
4.64811578302 -0.433465224012 0.640082185029 -4.50345829169
-0.812188610757 1.80631098089 3.75252849289 -4.58298274832
3.2826314857 -4.43072549858 -3.37572774243 4.74186964224
1.6146651857 -1.11348026233 2.37513519094 0.00986089181732
-4.61356589745 0.731530605735 3.95538068599 -4.15726317435
-4.74823087658 -1.20654743452 2.16921560957 -4.09428030001
4.65901998172 2.03181917848 -3.72496086046 2.90175437199
2.10759761803 1.4647752384 -2.10554077794 -3.65329123683
-0.812188610757 1.80631098089 -0.471452722573 1.41403896892
-4.05236015843 -1.0232211738 -0.85829252236 -3.56868892562
-3.49661879474 1.67949803877 3.52795683518 1.26242068901
-1.65247997549 4.31002665597 3.52795683518 1.26242068901
-3.72496086046 2.90175437199 -0.206645710833 1.95130689615
1.34403223243 -3.88494020556 3.67732231963 -3.92998851177
-1.0836337975 -1.49823559815 4.09803570281 4.69524869709
-2.07303329915 3.99111124334 -0.471452722573 1.41403896892
3.95538068599 -4.15726317435 2.16921560957 -4.09428030001
-1.03616343991 3.34182304097 -0.85829252236 -3.56868892562
-3.85157346043 1.10327347779 -1.03616343991 3.34182304097
3.2826314857 -4.43072549858 -2.45354076721 -3.58693206062
3.95538068599 -4.15726317435 -0.471452722573 1.41403896892
-4.79638235338 -0.616374003927 -0.206645710833 1.95130689615
-3.49661879474 1.67949803877 -4.74823087658 -1.20654743452
4.19840691704 -1.64232251105 -3.72496086046 2.90175437199
-4.61356589745 0.731530605735 1.86325893162 1.7617209733
4.19840691704 -1.64232251105 4.64811578302 -0.433465224012
-2.20300201647 -1.59352581531 0.640082185029 -4.50345829169
-3.85157346043 1.10327347779 -2.07303329915 3.99111124334
-1.03616343991 3.34182304097 -1.65247997549 4.31002665597
-1.03616343991 3.34182304097 -3.72496086046 2.90175437199
4.7794231534 -3.85953286317 -2.43267783526 0.454274255992
4.7794231534 -3.85953286317 -3.72496086046 2.90175437199
-2.20300201647 -1.59352581531 -0.812188610757 1.80631098089
0.535416413565 -0.904315290605 4.7794231534 -3.85953286317
-2.3338560964 3.11500363696 -0.764493618679 3.75918176037
1.34403223243 -3.88494020556 -1.0836337975 -1.49823559815
0.535416413565 -0.904315290605 -2.29433162711 -1.56359589174
-4.79638235338 -0.616374003927 3.67732231963 -3.92998851177
-0.764493618679 3.75918176037 -3.72496086046 2.90175437199
1.34403223243 -3.88494020556 -4.05236015843 -1.0232211738
1.6146651857 -1.11348026233 1.34403223243 -3.88494020556
-2.20300201647 -1.59352581531 -3.75032449941 -1.3882919479
2.37513519094 0.00986089181732 -0.85829252236 -3.56868892562
-0.471452722573 1.41403896892 2.10759761803 1.4647752384
-4.39463677055 -1.84935939369 3.2826314857 -4.43072549858
-0.764493618679 3.75918176037 3.75252849289 -4.58298274832
3.2826314857 -4.43072549858 2.16921560957 -4.09428030001
-3.37572774243 4.74186964224 -0.206645710833 1.95130689615
2.37513519094 0.00986089181732 4.64811578302 -0.433465224012
-2.20300201647 -1.59352581531 0.535416413565 -0.904315290605
4.48883847743 -0.98449367355 -4.61356589745 0.731530605735
0.640082185029 -4.50345829169 -2.43267783526 0.454274255992
2.37513519094 0.00986089181732 -1.0836337975 -1.49823559815
-0.764493618679 3.75918176037 3.52795683518 1.26242068901
-1.0836337975 -1.49823559815 -2.45354076721 -3.58693206062
-3.72496086046 2.90175437199 1.86325893162 1.7617209733
-2.99644193188 -4.64163737997 -2.43267783526 0.454274255992
4.7794231534 -3.85953286317 -3.37572774243 4.74186964224
1.94101554723 -4.91451408764 -2.43267783526 0.454274255992
-4.39463677055 -1.84935939369 4.65901998172 2.03181917848
1.34403223243 -3.88494020556 -4.74823087658 -1.20654743452
1.94101554723 -4.91451408764 4.65901998172 2.03181917848
0.640082185029 -4.50345829169 -0.471452722573 1.41403896892
-0.812188610757 1.80631098089 -3.37572774243 4.74186964224
4.65901998172 2.03181917848 -3.37572774243 4.74186964224
-0.85829252236 -3.56868892562 2.16921560957 -4.09428030001
1.86325893162 1.7617209733 -3.85599145181 1.68418605753
1.6146651857 -1.11348026233 4.09431202346 1.69038124616
-4.05236015843 -1.0232211738 -0.206645710833 1.95130689615
-4.61356589745 0.731530605735 0.535416413565 -0.904315290605
1.34403223243 -3.88494020556 -2.45354076721 -3.58693206062
-3.85157346043 1.10327347779 -0.812188610757 1.80631098089
-4.61356589745 0.731530605735 -4.79638235338 -0.616374003927
1.34403223243 -3.88494020556 4.65901998172 2.03181917848
-4.39463677055 -1.84935939369 -4.79638235338 -0.616374003927
-2.3338560964 3.11500363696 3.67732231963 -3.92998851177
-2.07303329915 3.99111124334 -2.45354076721 -3.58693206062
3.52795683518 1.26242068901 2.19679864719 -4.27946211481
3.95538068599 -4.15726317435 -3.37572774243 4.74186964224
1.34403223243 -3.88494020556 -2.07303329915 3.99111124334
-2.3338560964 3.11500363696 -4.61356589745 0.731530605735
-4.39463677055 -1.84935939369 2.16921560957 -4.09428030001
4.65901998172 2.03181917848 -4.74823087658 -1.20654743452
3.2826314857 -4.43072549858 3.67732231963 -3.92998851177
-2.43267783526 0.454274255992 -4.69069856622 -1.10934544861
-3.85157346043 1.10327347779 -3.37572774243 4.74186964224
3.2826314857 -4.43072549858 3.95538068599 -4.15726317435
3.95538068599 -4.15726317435 4.09431202346 1.69038124616
-4.05236015843 -1.0232211738 -2.45354076721 -3.58693206062
-4.05236015843 -1.0232211738 -2.10554077794 -3.65329123683
-4.61356589745 0.731530605735 3.67732231963 -3.92998851177
-2.43267783526 0.454274255992 2.19679864719 -4.27946211481
-0.764493618679 3.75918176037 -3.37572774243 4.74186964224
1.6146651857 -1.11348026233 1.94101554723 -4.91451408764
-0.812188610757 1.80631098089 -2.07303329915 3.99111124334
1.34403223243 -3.88494020556 0.535416413565 -0.904315290605
1.94101554723 -4.91451408764 3.95538068599 -4.15726317435
1.94101554723 -4.91451408764 -0.471452722573 1.41403896892
-2.45354076721 -3.58693206062 2.19679864719 -4.27946211481
-2.07303329915 3.99111124334 -2.29433162711 -1.56359589174
-3.75032449941 -1.3882919479 -4.05236015843 -1.0232211738
-2.3338560964 3.11500363696 4.64811578302 -0.433465224012
-0.764493618679 3.75918176037 -2.10554077794 -3.65329123683
1.34403223243 -3.88494020556 3.95538068599 -4.15726317435
-4.61356589745 0.731530605735 4.19840691704 -1.64232251105
-1.65247997549 4.31002665597 -2.29433162711 -1.56359589174
-2.20300201647 -1.59352581531 -2.07303329915 3.99111124334
-1.03616343991 3.34182304097 0.640082185029 -4.50345829169
3.95538068599 -4.15726317435 3.52795683518 1.26242068901
1.6146651857 -1.11348026233 0.535416413565 -0.904315290605
2.37513519094 0.00986089181732 -1.65247997549 4.31002665597
4.7794231534 -3.85953286317 3.75252849289 -4.58298274832
-3.37572774243 4.74186964224 -4.69069856622 -1.10934544861
3.2826314857 -4.43072549858 -1.65247997549 4.31002665597
-0.812188610757 1.80631098089 -3.85599145181 1.68418605753
-3.75032449941 -1.3882919479 3.2826314857 -4.43072549858
4.64811578302 -0.433465224012 -0.812188610757 1.80631098089
2.37513519094 0.00986089181732 -4.79638235338 -0.616374003927
-2.99644193188 -4.64163737997 4.65901998172 2.03181917848
-2.07303329915 3.99111124334 2.19679864719 -4.27946211481
4.65901998172 2.03181917848 -2.29433162711 -1.56359589174
-4.79638235338 -0.616374003927 -4.74823087658 -1.20654743452
-3.49661879474 1.67949803877 -3.85599145181 1.68418605753
4.65901998172 2.03181917848 -3.85599145181 1.68418605753
-0.764493618679 3.75918176037 4.65901998172 2.03181917848
-4.05236015843 -1.0232211738 -3.85599145181 1.68418605753
1.6146651857 -1.11348026233 -3.75032449941 -1.3882919479
4.19840691704 -1.64232251105 2.16921560957 -4.09428030001
4.64811578302 -0.433465224012 -0.85829252236 -3.56868892562
0.640082185029 -4.50345829169 2.10759761803 1.4647752384
3.2826314857 -4.43072549858 -0.85829252236 -3.56868892562
-4.05236015843 -1.0232211738 -3.72496086046 2.90175437199
-4.79638235338 -0.616374003927 4.7794231534 -3.85953286317
-0.85829252236 -3.56868892562 -2.10554077794 -3.65329123683
-3.85157346043 1.10327347779 -2.43267783526 0.454274255992
1.94101554723 -4.91451408764 3.52795683518 1.26242068901
4.7794231534 -3.85953286317 -4.74823087658 -1.20654743452
4.7794231534 -3.85953286317 -2.07303329915 3.99111124334
-3.49661879474 1.67949803877 -2.43267783526 0.454274255992
-2.07303329915 3.99111124334 2.10759761803 1.4647752384
3.95538068599 -4.15726317435 -4.69069856622 -1.10934544861
-4.61356589745 0.731530605735 -2.43267783526 0.454274255992
4.7794231534 -3.85953286317 -0.206645710833 1.95130689615
-2.07303329915 3.99111124334 3.75252849289 -4.58298274832
-3.72496086046 2.90175437199 2.16921560957 -4.09428030001
-2.3338560964 3.11500363696 1.6146651857 -1.11348026233
-2.20300201647 -1.59352581531 2.16921560957 -4.09428030001
3.2826314857 -4.43072549858 2.10759761803 1.4647752384
-4.79638235338 -0.616374003927 -4.05236015843 -1.0232211738
1.34403223243 -3.88494020556 -0.206645710833 1.95130689615
0.535416413565 -0.904315290605 3.52795683518 1.26242068901
4.7794231534 -3.85953286317 -0.471452722573 1.41403896892
4.65901998172 2.03181917848 -0.206645710833 1.95130689615
3.75252849289 -4.58298274832 2.19679864719 -4.27946211481
4.64811578302 -0.433465224012 4.09431202346 1.69038124616
-3.49661879474 1.67949803877 4.09431202346 1.69038124616
-3.49661879474 1.67949803877 -0.206645710833 1.95130689615
-3.37572774243 4.74186964224 -2.45354076721 -3.58693206062
1.34403223243 -3.88494020556 2.37513519094 0.00986089181732
4.09803570281 4.69524869709 3.52795683518 1.26242068901
4.09803570281 4.69524869709 2.19679864719 -4.27946211481
-4.39463677055 -1.84935939369 4.19840691704 -1.64232251105
-2.29433162711 -1.56359589174 -2.10554077794 -3.65329123683
-3.85157346043 1.10327347779 4.65901998172 2.03181917848
-2.99644193188 -4.64163737997 -0.471452722573 1.41403896892
1.34403223243 -3.88494020556 -3.72496086046 2.90175437199
-1.0836337975 -1.49823559815 4.09431202346 1.69038124616
1.6146651857 -1.11348026233 2.16921560957 -4.09428030001
-0.764493618679 3.75918176037 -2.45354076721 -3.58693206062
0.640082185029 -4.50345829169 3.95538068599 -4.15726317435
-3.85157346043 1.10327347779 -3.75032449941 -1.3882919479
-3.75032449941 -1.3882919479 4.7794231534 -3.85953286317
-4.39463677055 -1.84935939369 2.37513519094 0.00986089181732
-4.74823087658 -1.20654743452 -0.471452722573 1.41403896892
-1.0836337975 -1.49823559815 -2.99644193188 -4.64163737997
-1.65247997549 4.31002665597 2.19679864719 -4.27946211481
1.6146651857 -1.11348026233 1.86325893162 1.7617209733
-4.05236015843 -1.0232211738 -2.29433162711 -1.56359589174
4.09803570281 4.69524869709 -2.10554077794 -3.65329123683
2.37513519094 0.00986089181732 2.10759761803 1.4647752384
4.48883847743 -0.98449367355 -0.471452722573 1.41403896892
2.37513519094 0.00986089181732 -3.37572774243 4.74186964224
1.86325893162 1.7617209733 -0.206645710833 1.95130689615
-3.75032449941 -1.3882919479 4.64811578302 -0.433465224012
4.48883847743 -0.98449367355 3.52795683518 1.26242068901
1.34403223243 -3.88494020556 3.75252849289 -4.58298274832
-2.20300201647 -1.59352581531 -0.471452722573 1.41403896892
3.2826314857 -4.43072549858 4.09803570281 4.69524869709
4.64811578302 -0.433465224012 4.7794231534 -3.85953286317
-2.43267783526 0.454274255992 -2.45354076721 -3.58693206062
-2.20300201647 -1.59352581531 -0.85829252236 -3.56868892562
-1.0836337975 -1.49823559815 3.95538068599 -4.15726317435
-2.20300201647 -1.59352581531 -4.39463677055 -1.84935939369
-3.72496086046 2.90175437199 -0.471452722573 1.41403896892
-4.39463677055 -1.84935939369 -3.72496086046 2.90175437199
3.75252849289 -4.58298274832 -2.43267783526 0.454274255992
-1.0836337975 -1.49823559815 -1.65247997549 4.31002665597
3.75252849289 -4.58298274832 2.10759761803 1.4647752384
-4.39463677055 -1.84935939369 -2.29433162711 -1.56359589174
-3.85157346043 1.10327347779 1.94101554723 -4.91451408764
-3.75032449941 -1.3882919479 -2.43267783526 0.454274255992
2.16921560957 -4.09428030001 3.75252849289 -4.58298274832
4.09803570281 4.69524869709 -0.85829252236 -3.56868892562
1.94101554723 -4.91451408764 -4.69069856622 -1.10934544861
-0.764493618679 3.75918176037 -1.65247997549 4.31002665597
-1.03616343991 3.34182304097 3.75252849289 -4.58298274832
-4.05236015843 -1.0232211738 0.640082185029 -4.50345829169
-1.03616343991 3.34182304097 1.6146651857 -1.11348026233
3.2826314857 -4.43072549858 -2.07303329915 3.99111124334
-1.03616343991 3.34182304097 -2.3338560964 3.11500363696
-0.471452722573 1.41403896892 -4.69069856622 -1.10934544861
-0.85829252236 -3.56868892562 4.09431202346 1.69038124616
4.48883847743 -0.98449367355 2.16921560957 -4.09428030001
-0.85829252236 -3.56868892562 3.52795683518 1.26242068901
3.95538068599 -4.15726317435 -2.07303329915 3.99111124334
4.19840691704 -1.64232251105 2.10759761803 1.4647752384
1.34403223243 -3.88494020556 -3.85599145181 1.68418605753
-0.85829252236 -3.56868892562 -4.74823087658 -1.20654743452
-3.85599145181 1.68418605753 2.19679864719 -4.27946211481
-1.0836337975 -1.49823559815 -2.29433162711 -1.56359589174
0.640082185029 -4.50345829169 -2.45354076721 -3.58693206062
-4.79638235338 -0.616374003927 4.09803570281 4.69524869709
3.2826314857 -4.43072549858 -3.85599145181 1.68418605753
-4.61356589745 0.731530605735 4.7794231534 -3.85953286317
-3.49661879474 1.67949803877 -4.79638235338 -0.616374003927
-2.45354076721 -3.58693206062 -2.10554077794 -3.65329123683
2.16921560957 -4.09428030001 -2.43267783526 0.454274255992
3.95538068599 -4.15726317435 3.67732231963 -3.92998851177
4.65901998172 2.03181917848 3.67732231963 -3.92998851177
1.94101554723 -4.91451408764 0.535416413565 -0.904315290605
-3.37572774243 4.74186964224 4.09431202346 1.69038124616
1.6146651857 -1.11348026233 -4.39463677055 -1.84935939369
-0.812188610757 1.80631098089 3.52795683518 1.26242068901
-2.20300201647 -1.59352581531 2.37513519094 0.00986089181732
-0.812188610757 1.80631098089 -2.45354076721 -3.58693206062
-1.03616343991 3.34182304097 -4.05236015843 -1.0232211738
1.6146651857 -1.11348026233 -2.43267783526 0.454274255992
-3.75032449941 -1.3882919479 -1.65247997549 4.31002665597
-4.61356589745 0.731530605735 -4.74823087658 -1.20654743452
1.34403223243 -3.88494020556 -4.61356589745 0.731530605735
-2.29433162711 -1.56359589174 -4.69069856622 -1.10934544861
-3.85599145181 1.68418605753 3.52795683518 1.26242068901
4.64811578302 -0.433465224012 -3.72496086046 2.90175437199
-0.85829252236 -3.56868892562 -3.85599145181 1.68418605753
-3.85157346043 1.10327347779 3.67732231963 -3.92998851177
4.09803570281 4.69524869709 3.95538068599 -4.15726317435
-0.764493618679 3.75918176037 4.09803570281 4.69524869709
4.09803570281 4.69524869709 -1.65247997549 4.31002665597
-4.39463677055 -1.84935939369 4.7794231534 -3.85953286317
4.7794231534 -3.85953286317 4.09803570281 4.69524869709
-4.69069856622 -1.10934544861 2.19679864719 -4.27946211481
-4.79638235338 -0.616374003927 0.640082185029 -4.50345829169
-3.85599145181 1.68418605753 -0.206645710833 1.95130689615
1.94101554723 -4.91451408764 -2.07303329915 3.99111124334
-1.0836337975 -1.49823559815 1.86325893162 1.7617209733
4.19840691704 -1.64232251105 -1.0836337975 -1.49823559815
4.19840691704 -1.64232251105 -0.812188610757 1.80631098089
0.535416413565 -0.904315290605 3.95538068599 -4.15726317435
4.19840691704 -1.64232251105 2.19679864719 -4.27946211481
2.37513519094 0.00986089181732 -2.43267783526 0.454274255992
1.94101554723 -4.91451408764 -4.05236015843 -1.0232211738
4.64811578302 -0.433465224012 2.10759761803 1.4647752384
1.6146651857 -1.11348026233 -2.45354076721 -3.58693206062
3.2826314857 -4.43072549858 3.75252849289 -4.58298274832
-4.74823087658 -1.20654743452 2.10759761803 1.4647752384
-2.29433162711 -1.56359589174 -0.206645710833 1.95130689615
1.86325893162 1.7617209733 2.10759761803 1.4647752384
-2.3338560964 3.11500363696 2.16921560957 -4.09428030001
-2.3338560964 3.11500363696 2.19679864719 -4.27946211481
-2.20300201647 -1.59352581531 -2.3338560964 3.11500363696
-2.99644193188 -4.64163737997 -2.07303329915 3.99111124334
-2.3338560964 3.11500363696 -0.85829252236 -3.56868892562
-4.05236015843 -1.0232211738 3.52795683518 1.26242068901
-4.61356589745 0.731530605735 -4.05236015843 -1.0232211738
4.65901998172 2.03181917848 -2.07303329915 3.99111124334
2.16921560957 -4.09428030001 -2.45354076721 -3.58693206062
-3.85157346043 1.10327347779 -1.0836337975 -1.49823559815
-0.764493618679 3.75918176037 -0.206645710833 1.95130689615
4.48883847743 -0.98449367355 1.86325893162 1.7617209733
-0.85829252236 -3.56868892562 -2.43267783526 0.454274255992
-0.812188610757 1.80631098089 -4.74823087658 -1.20654743452
-0.764493618679 3.75918176037 4.64811578302 -0.433465224012
4.7794231534 -3.85953286317 -0.85829252236 -3.56868892562
-4.61356589745 0.731530605735 -2.10554077794 -3.65329123683
-0.85829252236 -3.56868892562 -2.45354076721 -3.58693206062
-2.3338560964 3.11500363696 -0.812188610757 1.80631098089
4.64811578302 -0.433465224012 -2.07303329915 3.99111124334
-2.3338560964 3.11500363696 -3.72496086046 2.90175437199
0.640082185029 -4.50345829169 -4.74823087658 -1.20654743452
-0.764493618679 3.75918176037 -1.0836337975 -1.49823559815
0.640082185029 -4.50345829169 3.75252849289 -4.58298274832
-1.65247997549 4.31002665597 3.67732231963 -3.92998851177
0.640082185029 -4.50345829169 -0.206645710833 1.95130689615
-2.07303329915 3.99111124334 -2.43267783526 0.454274255992
4.09803570281 4.69524869709 -2.45354076721 -3.58693206062
-4.61356589745 0.731530605735 3.75252849289 -4.58298274832
1.34403223243 -3.88494020556 -2.43267783526 0.454274255992
-2.3338560964 3.11500363696 -3.49661879474 1.67949803877
-0.812188610757 1.80631098089 -2.10554077794 -3.65329123683
-2.20300201647 -1.59352581531 4.64811578302 -0.433465224012
2.16921560957 -4.09428030001 -4.69069856622 -1.10934544861
-1.03616343991 3.34182304097 -4.69069856622 -1.10934544861
-2.3338560964 3.11500363696 -3.85599145181 1.68418605753
3.52795683518 1.26242068901 4.09431202346 1.69038124616
-1.65247997549 4.31002665597 3.95538068599 -4.15726317435
2.37513519094 0.00986089181732 2.16921560957 -4.09428030001
2.37513519094 0.00986089181732 -3.85599145181 1.68418605753
-1.03616343991 3.34182304097 0.535416413565 -0.904315290605
4.48883847743 -0.98449367355 4.19840691704 -1.64232251105
3.67732231963 -3.92998851177 4.09431202346 1.69038124616
-0.764493618679 3.75918176037 4.7794231534 -3.85953286317
-2.3338560964 3.11500363696 4.09803570281 4.69524869709
3.2826314857 -4.43072549858 -4.79638235338 -0.616374003927
-3.85157346043 1.10327347779 3.52795683518 1.26242068901
2.10759761803 1.4647752384 3.52795683518 1.26242068901
-2.3338560964 3.11500363696 -0.471452722573 1.41403896892
-3.75032449941 -1.3882919479 -4.69069856622 -1.10934544861
-2.20300201647 -1.59352581531 2.10759761803 1.4647752384
-2.20300201647 -1.59352581531 3.67732231963 -3.92998851177
3.75252849289 -4.58298274832 3.52795683518 1.26242068901
-3.85157346043 1.10327347779 0.640082185029 -4.50345829169
-0.206645710833 1.95130689615 3.52795683518 1.26242068901
3.2826314857 -4.43072549858 3.52795683518 1.26242068901
-2.99644193188 -4.64163737997 3.75252849289 -4.58298274832
-3.72496086046 2.90175437199 -0.85829252236 -3.56868892562
1.34403223243 -3.88494020556 4.09803570281 4.69524869709
-3.85157346043 1.10327347779 1.86325893162 1.7617209733
-1.0836337975 -1.49823559815 3.52795683518 1.26242068901
-4.39463677055 -1.84935939369 -3.75032449941 -1.3882919479
-0.471452722573 1.41403896892 4.09431202346 1.69038124616
4.48883847743 -0.98449367355 2.10759761803 1.4647752384
4.19840691704 -1.64232251105 -3.75032449941 -1.3882919479
-0.764493618679 3.75918176037 0.640082185029 -4.50345829169
-2.20300201647 -1.59352581531 4.09803570281 4.69524869709
1.94101554723 -4.91451408764 -1.0836337975 -1.49823559815
1.34403223243 -3.88494020556 -2.29433162711 -1.56359589174
-2.20300201647 -1.59352581531 -4.79638235338 -0.616374003927
0.535416413565 -0.904315290605 -1.65247997549 4.31002665597
-2.20300201647 -1.59352581531 3.52795683518 1.26242068901
-1.03616343991 3.34182304097 -3.85599145181 1.68418605753
-3.85157346043 1.10327347779 -2.3338560964 3.11500363696
-4.61356589745 0.731530605735 2.16921560957 -4.09428030001
-4.39463677055 -1.84935939369 -3.49661879474 1.67949803877
4.19840691704 -1.64232251105 -2.45354076721 -3.58693206062
-4.79638235338 -0.616374003927 -3.37572774243 4.74186964224
0.535416413565 -0.904315290605 4.09431202346 1.69038124616
1.34403223243 -3.88494020556 -0.471452722573 1.41403896892
-1.0836337975 -1.49823559815 -0.471452722573 1.41403896892
4.48883847743 -0.98449367355 -4.79638235338 -0.616374003927
0.535416413565 -0.904315290605 -0.812188610757 1.80631098089
1.94101554723 -4.91451408764 3.67732231963 -3.92998851177
-3.75032449941 -1.3882919479 2.19679864719 -4.27946211481
-0.812188610757 1.80631098089 3.67732231963 -3.92998851177
1.34403223243 -3.88494020556 -4.39463677055 -1.84935939369
4.19840691704 -1.64232251105 0.535416413565 -0.904315290605
1.94101554723 -4.91451408764 4.64811578302 -0.433465224012
-1.65247997549 4.31002665597 -2.10554077794 -3.65329123683
-3.75032449941 -1.3882919479 -2.99644193188 -4.64163737997
-0.764493618679 3.75918176037 -2.43267783526 0.454274255992
1.94101554723 -4.91451408764 -3.37572774243 4.74186964224
-3.85157346043 1.10327347779 3.95538068599 -4.15726317435
-0.764493618679 3.75918176037 2.16921560957 -4.09428030001
1.6146651857 -1.11348026233 -4.05236015843 -1.0232211738
-3.72496086046 2.90175437199 -2.29433162711 -1.56359589174
-3.72496086046 2.90175437199 3.95538068599 -4.15726317435
-2.20300201647 -1.59352581531 2.19679864719 -4.27946211481
1.94101554723 -4.91451408764 0.640082185029 -4.50345829169
-3.49661879474 1.67949803877 -2.45354076721 -3.58693206062
3.2826314857 -4.43072549858 -4.69069856622 -1.10934544861
-2.20300201647 -1.59352581531 4.09431202346 1.69038124616
-4.61356589745 0.731530605735 -0.812188610757 1.80631098089
1.34403223243 -3.88494020556 2.19679864719 -4.27946211481
-1.03616343991 3.34182304097 -0.812188610757 1.80631098089
3.75252849289 -4.58298274832 -2.45354076721 -3.58693206062
3.67732231963 -3.92998851177 -0.471452722573 1.41403896892
4.64811578302 -0.433465224012 3.75252849289 -4.58298274832
1.6146651857 -1.11348026233 3.67732231963 -3.92998851177
-3.72496086046 2.90175437199 4.09431202346 1.69038124616
4.09803570281 4.69524869709 3.67732231963 -3.92998851177
-2.99644193188 -4.64163737997 -0.206645710833 1.95130689615
4.64811578302 -0.433465224012 -0.471452722573 1.41403896892
4.48883847743 -0.98449367355 -0.812188610757 1.80631098089
-4.39463677055 -1.84935939369 -1.65247997549 4.31002665597
4.19840691704 -1.64232251105 3.75252849289 -4.58298274832
4.7794231534 -3.85953286317 -4.69069856622 -1.10934544861
1.34403223243 -3.88494020556 -0.764493618679 3.75918176037
4.48883847743 -0.98449367355 -3.75032449941 -1.3882919479
3.2826314857 -4.43072549858 -1.0836337975 -1.49823559815
2.10759761803 1.4647752384 2.19679864719 -4.27946211481
-4.61356589745 0.731530605735 -2.07303329915 3.99111124334
-4.74823087658 -1.20654743452 4.09431202346 1.69038124616
4.48883847743 -0.98449367355 3.75252849289 -4.58298274832
-4.39463677055 -1.84935939369 -4.69069856622 -1.10934544861
3.67732231963 -3.92998851177 -4.74823087658 -1.20654743452
0.535416413565 -0.904315290605 -3.37572774243 4.74186964224
-3.75032449941 -1.3882919479 3.67732231963 -3.92998851177
4.19840691704 -1.64232251105 -4.74823087658 -1.20654743452
-4.39463677055 -1.84935939369 3.95538068599 -4.15726317435
-1.03616343991 3.34182304097 2.19679864719 -4.27946211481
-2.45354076721 -3.58693206062 2.10759761803 1.4647752384
-3.85157346043 1.10327347779 -0.206645710833 1.95130689615
-4.05236015843 -1.0232211738 -4.69069856622 -1.10934544861
-0.85829252236 -3.56868892562 -3.37572774243 4.74186964224
-4.39463677055 -1.84935939369 -2.07303329915 3.99111124334
-0.471452722573 1.41403896892 -2.43267783526 0.454274255992
-2.10554077794 -3.65329123683 3.52795683518 1.26242068901
-3.85157346043 1.10327347779 2.19679864719 -4.27946211481
0.535416413565 -0.904315290605 -3.72496086046 2.90175437199
-2.99644193188 -4.64163737997 -4.05236015843 -1.0232211738
-1.0836337975 -1.49823559815 3.67732231963 -3.92998851177
4.64811578302 -0.433465224012 2.16921560957 -4.09428030001
1.6146651857 -1.11348026233 -3.85599145181 1.68418605753
-3.72496086046 2.90175437199 2.19679864719 -4.27946211481
-2.45354076721 -3.58693206062 -4.69069856622 -1.10934544861
-4.79638235338 -0.616374003927 -3.85599145181 1.68418605753
1.86325893162 1.7617209733 -1.65247997549 4.31002665597
-1.03616343991 3.34182304097 4.09431202346 1.69038124616
-2.29433162711 -1.56359589174 -0.471452722573 1.41403896892
3.2826314857 -4.43072549858 4.64811578302 -0.433465224012
-2.20300201647 -1.59352581531 -4.74823087658 -1.20654743452
-2.3338560964 3.11500363696 -4.79638235338 -0.616374003927
-3.85157346043 1.10327347779 -2.29433162711 -1.56359589174
1.94101554723 -4.91451408764 4.09431202346 1.69038124616
1.6146651857 -1.11348026233 -0.812188610757 1.80631098089
-1.03616343991 3.34182304097 -0.471452722573 1.41403896892
3.2826314857 -4.43072549858 4.09431202346 1.69038124616
-4.61356589745 0.731530605735 -4.69069856622 -1.10934544861
-2.20300201647 -1.59352581531 4.65901998172 2.03181917848
4.19840691704 -1.64232251105 -2.10554077794 -3.65329123683
-3.85157346043 1.10327347779 -4.39463677055 -1.84935939369
1.94101554723 -4.91451408764 -2.10554077794 -3.65329123683
1.34403223243 -3.88494020556 -2.99644193188 -4.64163737997
0.535416413565 -0.904315290605 -4.69069856622 -1.10934544861
-4.39463677055 -1.84935939369 3.75252849289 -4.58298274832
-4.05236015843 -1.0232211738 -3.37572774243 4.74186964224
4.48883847743 -0.98449367355 -2.45354076721 -3.58693206062
4.19840691704 -1.64232251105 3.52795683518 1.26242068901
-2.3338560964 3.11500363696 1.34403223243 -3.88494020556
-4.79638235338 -0.616374003927 1.86325893162 1.7617209733
-4.79638235338 -0.616374003927 -2.99644193188 -4.64163737997
-4.05236015843 -1.0232211738 2.16921560957 -4.09428030001
0.640082185029 -4.50345829169 3.67732231963 -3.92998851177
-2.20300201647 -1.59352581531 -4.61356589745 0.731530605735
1.86325893162 1.7617209733 -2.10554077794 -3.65329123683
4.48883847743 -0.98449367355 -3.85599145181 1.68418605753
4.64811578302 -0.433465224012 4.65901998172 2.03181917848
-2.3338560964 3.11500363696 3.52795683518 1.26242068901
1.94101554723 -4.91451408764 -2.29433162711 -1.56359589174
-2.99644193188 -4.64163737997 -1.65247997549 4.31002665597
-2.3338560964 3.11500363696 -1.65247997549 4.31002665597
-2.20300201647 -1.59352581531 -3.85599145181 1.68418605753
-2.20300201647 -1.59352581531 3.75252849289 -4.58298274832
-2.3338560964 3.11500363696 -1.0836337975 -1.49823559815
-2.29433162711 -1.56359589174 2.19679864719 -4.27946211481
-4.05236015843 -1.0232211738 -1.65247997549 4.31002665597
2.16921560957 -4.09428030001 -3.85599145181 1.68418605753
1.86325893162 1.7617209733 -0.812188610757 1.80631098089
2.37513519094 0.00986089181732 -2.07303329915 3.99111124334
-2.07303329915 3.99111124334 -4.69069856622 -1.10934544861
-0.764493618679 3.75918176037 -2.99644193188 -4.64163737997
-4.61356589745 0.731530605735 -3.85599145181 1.68418605753
-1.0836337975 -1.49823559815 -2.07303329915 3.99111124334
-1.0836337975 -1.49823559815 2.10759761803 1.4647752384
1.94101554723 -4.91451408764 -1.65247997549 4.31002665597
-3.85157346043 1.10327347779 -3.49661879474 1.67949803877
-4.61356589745 0.731530605735 -3.75032449941 -1.3882919479
-3.85157346043 1.10327347779 4.48883847743 -0.98449367355
-0.206645710833 1.95130689615 2.19679864719 -4.27946211481
-0.764493618679 3.75918176037 -3.85599145181 1.68418605753
-0.764493618679 3.75918176037 -4.05236015843 -1.0232211738
-1.0836337975 -1.49823559815 -2.43267783526 0.454274255992
4.64811578302 -0.433465224012 -4.69069856622 -1.10934544861
4.19840691704 -1.64232251105 3.67732231963 -3.92998851177
0.535416413565 -0.904315290605 -2.45354076721 -3.58693206062
3.2826314857 -4.43072549858 -2.10554077794 -3.65329123683
3.2826314857 -4.43072549858 -0.471452722573 1.41403896892
1.86325893162 1.7617209733 3.52795683518 1.26242068901
4.19840691704 -1.64232251105 -3.85599145181 1.68418605753
-4.39463677055 -1.84935939369 -4.74823087658 -1.20654743452
-2.3338560964 3.11500363696 2.10759761803 1.4647752384
-0.764493618679 3.75918176037 -4.79638235338 -0.616374003927
4.19840691704 -1.64232251105 1.86325893162 1.7617209733
-2.20300201647 -1.59352581531 3.95538068599 -4.15726317435
-3.72496086046 2.90175437199 -2.07303329915 3.99111124334
-2.99644193188 -4.64163737997 3.95538068599 -4.15726317435
1.6146651857 -1.11348026233 -2.29433162711 -1.56359589174
0.640082185029 -4.50345829169 -4.69069856622 -1.10934544861
-4.61356589745 0.731530605735 2.10759761803 1.4647752384
-3.75032449941 -1.3882919479 -3.37572774243 4.74186964224
1.94101554723 -4.91451408764 3.2826314857 -4.43072549858
2.37513519094 0.00986089181732 0.535416413565 -0.904315290605
