10
21
-2.99428874799 -4.81382481949 -1.34570880317 -2.97279434591
-2.99428874799 -4.81382481949 -3.50590184636 2.70830491327
-2.99428874799 -4.81382481949 -0.972219535182 0.144692907976
-2.99428874799 -4.81382481949 -3.24240294366 3.94050921397
-2.99428874799 -4.81382481949 -0.609246278064 -2.3300787821
1.79035963543 -4.7292107303 -3.50590184636 2.70830491327
1.79035963543 -4.7292107303 -3.24240294366 3.94050921397
1.79035963543 -4.7292107303 -0.609246278064 -2.3300787821
1.79035963543 -4.7292107303 2.95034889345 4.14320098075
-1.34570880317 -2.97279434591 3.88256645668 -1.23291312479
-1.34570880317 -2.97279434591 -0.972219535182 0.144692907976
-1.34570880317 -2.97279434591 -3.06299778289 -1.37765565012
-3.50590184636 2.70830491327 3.88256645668 -1.23291312479
-3.50590184636 2.70830491327 2.95034889345 4.14320098075
-3.50590184636 2.70830491327 -3.06299778289 -1.37765565012
3.88256645668 -1.23291312479 2.95034889345 4.14320098075
3.88256645668 -1.23291312479 -3.06299778289 -1.37765565012
-0.972219535182 0.144692907976 2.95034889345 4.14320098075
-0.972219535182 0.144692907976 -3.06299778289 -1.37765565012
-3.24240294366 3.94050921397 2.95034889345 4.14320098075
-0.609246278064 -2.3300787821 -3.06299778289 -1.37765565012
